0	0.0911	24.0	98.0	27.0	26.0	22.0	19.0	19.0	26.0	21.0	87.0
0	0.129	19.0	26.0	98.0	21.0	25.0	26.0	23.0	23.0	30.0	99.0
0	0.1502	23.0	25.0	28.0	99.0	29.0	27.0	28.0	25.0	24.0	89.0
0	0.1553	22.0	27.0	22.0	28.0	99.0	24.0	27.0	20.0	23.0	100.0
0	0.1553	22.0	24.0	21.0	28.0	24.0	99.0	26.0	23.0	25.0	93.0
0	0.155	25.0	21.0	28.0	23.0	18.0	25.0	99.0	26.0	26.0	99.0
0	0.1559	21.0	27.0	27.0	27.0	25.0	32.0	27.0	100.0	23.0	99.0
0	0.1556	26.0	22.0	26.0	25.0	25.0	22.0	24.0	23.0	100.0	99.0
0	0.1557	23.0	22.0	28.0	28.0	25.0	20.0	26.0	27.0	31.0	100.0
0	0.1552	97.0	21.0	28.0	26.0	24.0	27.0	23.0	24.0	26.0	100.0
1	0.1048	25.0	98.0	22.0	27.0	23.0	28.0	24.0	27.0	19.0	84.0
1	0.1446	18.0	26.0	98.0	27.0	25.0	21.0	25.0	25.0	28.0	99.0
1	0.1665	23.0	33.0	22.0	99.0	24.0	19.0	24.0	23.0	19.0	88.0
1	0.1718	27.0	25.0	22.0	24.0	99.0	25.0	26.0	32.0	19.0	100.0
1	0.1718	26.0	25.0	23.0	22.0	22.0	99.0	33.0	20.0	23.0	92.0
1	0.1715	26.0	27.0	24.0	26.0	25.0	27.0	99.0	24.0	24.0	99.0
1	0.1723	23.0	27.0	22.0	22.0	23.0	30.0	24.0	100.0	24.0	99.0
1	0.1721	25.0	25.0	28.0	27.0	24.0	24.0	30.0	26.0	100.0	99.0
1	0.1722	19.0	28.0	26.0	20.0	22.0	25.0	26.0	26.0	22.0	99.0
1	0.1717	97.0	21.0	28.0	24.0	28.0	27.0	28.0	27.0	27.0	100.0
2	0.1185	26.0	98.0	28.0	24.0	24.0	18.0	24.0	28.0	20.0	85.0
2	0.1602	24.0	26.0	98.0	23.0	25.0	19.0	24.0	24.0	28.0	99.0
2	0.1828	20.0	25.0	26.0	99.0	25.0	34.0	18.0	24.0	25.0	88.0
2	0.1883	23.0	20.0	29.0	16.0	98.0	30.0	24.0	21.0	26.0	99.0
2	0.1883	25.0	24.0	23.0	26.0	22.0	99.0	23.0	23.0	19.0	93.0
2	0.188	21.0	32.0	21.0	32.0	22.0	22.0	99.0	22.0	26.0	99.0
2	0.1887	22.0	25.0	25.0	23.0	21.0	28.0	26.0	100.0	25.0	99.0
2	0.1886	24.0	17.0	28.0	29.0	25.0	23.0	22.0	23.0	100.0	99.0
2	0.1887	23.0	23.0	27.0	27.0	24.0	17.0	24.0	24.0	29.0	100.0
2	0.1882	97.0	20.0	20.0	26.0	23.0	27.0	29.0	28.0	25.0	100.0
3	0.1322	17.0	98.0	25.0	27.0	26.0	23.0	30.0	25.0	24.0	87.0
3	0.1758	30.0	26.0	98.0	28.0	27.0	29.0	25.0	26.0	22.0	99.0
3	0.1991	31.0	23.0	30.0	99.0	25.0	21.0	25.0	27.0	23.0	89.0
3	0.2048	30.0	24.0	24.0	26.0	98.0	18.0	24.0	23.0	27.0	100.0
3	0.2048	23.0	19.0	25.0	25.0	27.0	99.0	25.0	25.0	20.0	94.0
3	0.2045	24.0	23.0	24.0	24.0	23.0	28.0	99.0	23.0	29.0	99.0
3	0.2051	20.0	22.0	36.0	22.0	22.0	23.0	28.0	100.0	24.0	99.0
3	0.2051	19.0	20.0	28.0	20.0	25.0	24.0	24.0	24.0	100.0	99.0
3	0.2052	27.0	23.0	22.0	27.0	26.0	21.0	25.0	25.0	27.0	100.0
3	0.2047	97.0	21.0	26.0	25.0	27.0	25.0	24.0	20.0	30.0	100.0
4	0.1459	23.0	98.0	21.0	22.0	30.0	24.0	25.0	20.0	29.0	87.0
4	0.1914	25.0	15.0	98.0	26.0	27.0	24.0	22.0	24.0	24.0	99.0
4	0.2154	22.0	24.0	20.0	99.0	25.0	24.0	20.0	27.0	24.0	88.0
4	0.2213	26.0	27.0	29.0	20.0	98.0	24.0	26.0	23.0	18.0	99.0
4	0.2213	28.0	23.0	23.0	26.0	27.0	99.0	22.0	31.0	23.0	92.0
4	0.221	31.0	25.0	27.0	21.0	20.0	25.0	99.0	30.0	21.0	99.0
4	0.2215	22.0	27.0	23.0	27.0	27.0	23.0	22.0	99.0	25.0	99.0
4	0.2216	26.0	23.0	24.0	26.0	25.0	28.0	25.0	24.0	100.0	99.0
4	0.2217	25.0	24.0	28.0	35.0	20.0	20.0	25.0	25.0	21.0	100.0
4	0.2212	97.0	23.0	25.0	25.0	25.0	19.0	22.0	23.0	23.0	100.0
5	0.1596	29.0	99.0	25.0	26.0	24.0	20.0	25.0	22.0	25.0	87.0
5	0.207	23.0	25.0	98.0	26.0	19.0	22.0	19.0	22.0	28.0	99.0
5	0.2317	25.0	28.0	29.0	99.0	24.0	28.0	23.0	28.0	29.0	89.0
5	0.2378	24.0	28.0	23.0	25.0	99.0	26.0	24.0	17.0	19.0	100.0
5	0.2378	23.0	30.0	27.0	24.0	25.0	99.0	24.0	32.0	27.0	91.0
5	0.2375	25.0	25.0	29.0	25.0	23.0	24.0	99.0	26.0	28.0	99.0
5	0.2379	19.0	26.0	27.0	28.0	21.0	25.0	30.0	100.0	27.0	99.0
5	0.2381	22.0	24.0	26.0	19.0	22.0	26.0	19.0	20.0	100.0	99.0
5	0.2382	18.0	21.0	23.0	26.0	16.0	24.0	24.0	25.0	22.0	100.0
5	0.2377	98.0	19.0	28.0	23.0	25.0	24.0	20.0	22.0	25.0	100.0
6	0.1733	24.0	99.0	29.0	20.0	21.0	24.0	25.0	26.0	22.0	86.0
6	0.2226	24.0	20.0	98.0	29.0	28.0	21.0	27.0	25.0	28.0	99.0
6	0.248	26.0	26.0	21.0	99.0	22.0	26.0	33.0	26.0	23.0	88.0
6	0.2543	23.0	21.0	27.0	23.0	99.0	20.0	25.0	22.0	25.0	100.0
6	0.2543	23.0	24.0	27.0	22.0	26.0	99.0	24.0	25.0	29.0	91.0
6	0.254	25.0	20.0	20.0	25.0	21.0	21.0	99.0	22.0	22.0	99.0
6	0.2543	26.0	25.0	27.0	19.0	20.0	22.0	24.0	100.0	27.0	99.0
6	0.2546	24.0	23.0	25.0	28.0	21.0	27.0	28.0	24.0	100.0	99.0
6	0.2547	22.0	30.0	23.0	24.0	24.0	20.0	22.0	23.0	23.0	100.0
6	0.2542	98.0	21.0	24.0	28.0	19.0	27.0	25.0	28.0	27.0	100.0
7	0.187	24.0	98.0	32.0	29.0	22.0	22.0	16.0	25.0	28.0	84.0
7	0.2382	15.0	21.0	98.0	24.0	23.0	23.0	25.0	25.0	26.0	99.0
7	0.2643	22.0	26.0	21.0	99.0	26.0	25.0	24.0	28.0	25.0	90.0
7	0.2708	21.0	24.0	25.0	26.0	99.0	26.0	25.0	22.0	18.0	100.0
7	0.2708	24.0	28.0	29.0	29.0	24.0	99.0	25.0	27.0	27.0	93.0
7	0.2705	24.0	29.0	22.0	21.0	24.0	28.0	99.0	26.0	21.0	99.0
7	0.2707	23.0	21.0	28.0	26.0	25.0	23.0	25.0	100.0	28.0	99.0
7	0.2711	23.0	27.0	25.0	33.0	26.0	30.0	26.0	28.0	100.0	99.0
7	0.2712	21.0	25.0	31.0	24.0	25.0	16.0	24.0	26.0	29.0	100.0
7	0.2707	97.0	22.0	26.0	23.0	21.0	21.0	24.0	20.0	24.0	100.0
8	0.2007	25.0	98.0	24.0	26.0	20.0	28.0	26.0	25.0	23.0	87.0
8	0.2538	21.0	24.0	98.0	23.0	26.0	28.0	29.0	29.0	25.0	99.0
8	0.2806	30.0	28.0	19.0	99.0	28.0	21.0	24.0	23.0	28.0	89.0
8	0.2873	24.0	25.0	27.0	24.0	99.0	28.0	29.0	26.0	23.0	100.0
8	0.2873	22.0	26.0	24.0	26.0	27.0	99.0	25.0	25.0	25.0	94.0
8	0.287	23.0	29.0	23.0	26.0	33.0	17.0	99.0	25.0	20.0	99.0
8	0.2871	21.0	22.0	29.0	26.0	22.0	23.0	20.0	100.0	24.0	99.0
8	0.2876	23.0	28.0	20.0	27.0	25.0	27.0	31.0	23.0	100.0	99.0
8	0.2877	25.0	21.0	21.0	26.0	30.0	24.0	23.0	19.0	29.0	100.0
8	0.2872	97.0	30.0	21.0	18.0	25.0	24.0	24.0	28.0	24.0	100.0
9	0.2144	21.0	98.0	24.0	26.0	22.0	15.0	17.0	28.0	23.0	86.0
9	0.2694	27.0	22.0	98.0	26.0	25.0	25.0	24.0	20.0	23.0	99.0
9	0.2969	26.0	22.0	26.0	99.0	20.0	24.0	21.0	24.0	21.0	86.0
9	0.3038	19.0	25.0	24.0	29.0	99.0	25.0	22.0	28.0	28.0	100.0
9	0.3038	24.0	19.0	21.0	23.0	25.0	99.0	23.0	23.0	24.0	93.0
9	0.3035	23.0	27.0	26.0	20.0	29.0	21.0	99.0	28.0	20.0	99.0
9	0.3035	24.0	22.0	25.0	26.0	21.0	26.0	25.0	100.0	29.0	99.0
9	0.3041	26.0	24.0	28.0	23.0	23.0	25.0	25.0	25.0	100.0	99.0
9	0.3042	21.0	22.0	25.0	26.0	21.0	24.0	28.0	26.0	25.0	100.0
9	0.3037	97.0	29.0	24.0	22.0	24.0	30.0	25.0	29.0	24.0	100.0
10	0.2281	25.0	98.0	26.0	23.0	25.0	24.0	28.0	28.0	30.0	86.0
10	0.285	25.0	22.0	98.0	22.0	24.0	17.0	20.0	21.0	28.0	99.0
10	0.3132	24.0	27.0	27.0	99.0	30.0	28.0	26.0	20.0	20.0	88.0
10	0.3203	25.0	26.0	22.0	25.0	98.0	31.0	27.0	24.0	26.0	99.0
10	0.3203	25.0	23.0	25.0	31.0	27.0	99.0	21.0	23.0	30.0	93.0
10	0.32	26.0	20.0	24.0	23.0	22.0	20.0	99.0	22.0	28.0	99.0
10	0.3199	16.0	24.0	16.0	18.0	30.0	22.0	21.0	99.0	24.0	99.0
10	0.3206	23.0	24.0	28.0	22.0	26.0	24.0	26.0	22.0	100.0	99.0
10	0.3207	24.0	31.0	28.0	27.0	23.0	24.0	29.0	19.0	25.0	99.0
10	0.3202	97.0	26.0	22.0	28.0	25.0	22.0	23.0	27.0	27.0	100.0
11	0.2418	22.0	98.0	22.0	22.0	27.0	28.0	24.0	20.0	27.0	85.0
11	0.3006	21.0	27.0	98.0	20.0	25.0	27.0	21.0	21.0	27.0	99.0
11	0.3295	19.0	26.0	20.0	99.0	29.0	28.0	25.0	25.0	25.0	86.0
11	0.3368	21.0	21.0	24.0	27.0	99.0	23.0	22.0	21.0	26.0	100.0
11	0.3368	22.0	25.0	21.0	23.0	31.0	99.0	25.0	29.0	22.0	92.0
11	0.3365	25.0	27.0	22.0	20.0	25.0	20.0	99.0	25.0	30.0	99.0
11	0.3363	22.0	25.0	18.0	26.0	25.0	24.0	21.0	100.0	23.0	99.0
11	0.3371	24.0	22.0	22.0	25.0	27.0	23.0	21.0	23.0	100.0	99.0
11	0.3372	25.0	24.0	29.0	23.0	29.0	28.0	24.0	23.0	32.0	100.0
11	0.3367	97.0	25.0	23.0	25.0	23.0	22.0	23.0	27.0	26.0	100.0
12	0.2555	23.0	99.0	27.0	22.0	26.0	27.0	29.0	25.0	23.0	87.0
12	0.3162	20.0	24.0	98.0	20.0	27.0	26.0	25.0	27.0	27.0	99.0
12	0.3458	29.0	24.0	32.0	99.0	26.0	25.0	30.0	32.0	23.0	89.0
12	0.3533	19.0	28.0	24.0	29.0	98.0	23.0	23.0	27.0	27.0	100.0
12	0.3533	27.0	28.0	18.0	22.0	20.0	99.0	21.0	28.0	23.0	92.0
12	0.353	27.0	27.0	27.0	26.0	25.0	22.0	99.0	19.0	27.0	99.0
12	0.3527	26.0	26.0	25.0	19.0	27.0	21.0	22.0	100.0	30.0	99.0
12	0.3536	24.0	22.0	26.0	31.0	19.0	24.0	24.0	24.0	100.0	99.0
12	0.3537	20.0	29.0	24.0	30.0	23.0	27.0	20.0	26.0	30.0	100.0
12	0.3532	98.0	27.0	23.0	21.0	24.0	23.0	17.0	20.0	26.0	100.0
13	0.2692	19.0	98.0	26.0	19.0	26.0	22.0	29.0	25.0	23.0	86.0
13	0.3318	23.0	20.0	98.0	25.0	28.0	24.0	22.0	21.0	26.0	99.0
13	0.3621	22.0	20.0	27.0	99.0	24.0	24.0	25.0	25.0	25.0	88.0
13	0.3698	23.0	24.0	21.0	25.0	99.0	29.0	22.0	25.0	17.0	99.0
13	0.3698	25.0	25.0	21.0	22.0	31.0	99.0	27.0	25.0	25.0	96.0
13	0.3695	21.0	23.0	22.0	19.0	24.0	24.0	99.0	25.0	28.0	99.0
13	0.3691	20.0	21.0	21.0	26.0	28.0	22.0	27.0	100.0	26.0	99.0
13	0.3701	23.0	25.0	25.0	25.0	27.0	22.0	27.0	25.0	100.0	99.0
13	0.3702	26.0	21.0	30.0	22.0	22.0	27.0	27.0	23.0	27.0	100.0
13	0.3697	97.0	32.0	25.0	22.0	24.0	28.0	28.0	23.0	26.0	100.0
14	0.2829	27.0	99.0	24.0	24.0	25.0	26.0	28.0	21.0	26.0	87.0
14	0.3474	26.0	24.0	98.0	24.0	26.0	26.0	26.0	26.0	27.0	99.0
14	0.3784	28.0	22.0	23.0	99.0	23.0	25.0	33.0	18.0	27.0	86.0
14	0.3863	23.0	26.0	23.0	25.0	99.0	28.0	28.0	27.0	26.0	100.0
14	0.3863	24.0	21.0	28.0	20.0	26.0	99.0	31.0	19.0	28.0	92.0
14	0.386	27.0	24.0	25.0	29.0	21.0	25.0	99.0	22.0	24.0	99.0
14	0.3855	27.0	31.0	21.0	27.0	19.0	28.0	21.0	100.0	19.0	99.0
14	0.3866	25.0	22.0	24.0	25.0	29.0	23.0	25.0	25.0	100.0	99.0
14	0.3867	19.0	28.0	20.0	26.0	21.0	24.0	21.0	21.0	24.0	100.0
14	0.3862	98.0	25.0	17.0	20.0	20.0	24.0	24.0	16.0	28.0	100.0
15	0.2966	22.0	98.0	29.0	25.0	22.0	25.0	30.0	23.0	24.0	85.0
15	0.363	23.0	24.0	98.0	22.0	26.0	28.0	24.0	25.0	22.0	99.0
15	0.3947	21.0	23.0	25.0	99.0	28.0	26.0	27.0	31.0	24.0	88.0
15	0.4028	18.0	32.0	21.0	22.0	99.0	30.0	24.0	27.0	27.0	100.0
15	0.4028	27.0	28.0	24.0	26.0	18.0	99.0	27.0	27.0	31.0	95.0
15	0.4025	19.0	23.0	25.0	25.0	29.0	25.0	99.0	25.0	25.0	99.0
15	0.4019	28.0	28.0	25.0	21.0	28.0	22.0	25.0	100.0	24.0	99.0
15	0.4031	21.0	22.0	21.0	26.0	32.0	25.0	26.0	20.0	100.0	99.0
15	0.4032	28.0	28.0	22.0	24.0	28.0	22.0	24.0	22.0	28.0	100.0
15	0.4027	97.0	29.0	22.0	22.0	23.0	24.0	23.0	23.0	21.0	100.0
16	0.3103	28.0	98.0	26.0	30.0	25.0	23.0	18.0	27.0	30.0	87.0
16	0.3786	26.0	28.0	98.0	24.0	30.0	17.0	21.0	23.0	24.0	99.0
16	0.411	21.0	25.0	23.0	99.0	23.0	20.0	27.0	27.0	25.0	89.0
16	0.4193	25.0	28.0	25.0	20.0	99.0	26.0	27.0	23.0	31.0	100.0
16	0.4193	18.0	27.0	23.0	24.0	22.0	99.0	26.0	20.0	22.0	93.0
16	0.419	27.0	27.0	27.0	23.0	23.0	24.0	99.0	18.0	20.0	99.0
16	0.4183	21.0	23.0	29.0	26.0	21.0	26.0	24.0	100.0	24.0	99.0
16	0.4196	24.0	19.0	22.0	28.0	22.0	28.0	26.0	28.0	100.0	99.0
16	0.4197	22.0	22.0	22.0	28.0	27.0	24.0	25.0	20.0	24.0	100.0
16	0.4192	97.0	25.0	28.0	25.0	25.0	24.0	23.0	27.0	30.0	100.0
17	0.324	22.0	98.0	27.0	22.0	33.0	25.0	19.0	25.0	26.0	87.0
17	0.3942	21.0	22.0	98.0	23.0	20.0	22.0	21.0	25.0	25.0	99.0
17	0.4273	25.0	24.0	21.0	99.0	29.0	24.0	24.0	25.0	26.0	88.0
17	0.4358	24.0	27.0	26.0	23.0	99.0	29.0	30.0	21.0	27.0	100.0
17	0.4358	29.0	22.0	25.0	21.0	24.0	99.0	26.0	19.0	23.0	94.0
17	0.4355	26.0	22.0	26.0	19.0	29.0	28.0	99.0	22.0	25.0	99.0
17	0.4347	20.0	25.0	27.0	24.0	27.0	22.0	26.0	100.0	27.0	99.0
17	0.4361	22.0	21.0	27.0	26.0	27.0	27.0	28.0	22.0	100.0	99.0
17	0.4362	21.0	27.0	26.0	25.0	25.0	23.0	26.0	28.0	25.0	100.0
17	0.4357	97.0	20.0	25.0	21.0	16.0	25.0	24.0	26.0	25.0	100.0
18	0.3377	27.0	99.0	22.0	25.0	19.0	27.0	22.0	25.0	24.0	86.0
18	0.4098	18.0	22.0	98.0	24.0	23.0	20.0	27.0	21.0	31.0	100.0
18	0.4436	28.0	23.0	28.0	99.0	24.0	19.0	25.0	28.0	25.0	89.0
18	0.4523	20.0	26.0	21.0	28.0	99.0	25.0	22.0	25.0	21.0	100.0
18	0.4523	27.0	27.0	27.0	27.0	27.0	99.0	24.0	23.0	21.0	93.0
18	0.452	23.0	25.0	29.0	21.0	29.0	25.0	99.0	31.0	32.0	99.0
18	0.4511	22.0	22.0	30.0	21.0	21.0	23.0	26.0	100.0	25.0	99.0
18	0.4526	25.0	26.0	21.0	25.0	23.0	27.0	32.0	26.0	100.0	99.0
18	0.4527	22.0	30.0	24.0	22.0	20.0	25.0	23.0	28.0	28.0	100.0
18	0.4522	98.0	33.0	31.0	29.0	22.0	27.0	17.0	23.0	25.0	100.0
19	0.3514	29.0	99.0	22.0	23.0	23.0	25.0	25.0	26.0	29.0	86.0
19	0.4254	18.0	25.0	98.0	26.0	20.0	24.0	22.0	25.0	24.0	99.0
19	0.4599	25.0	25.0	23.0	99.0	26.0	27.0	21.0	26.0	25.0	88.0
19	0.4688	22.0	19.0	26.0	23.0	98.0	23.0	24.0	28.0	20.0	100.0
19	0.4688	23.0	25.0	28.0	24.0	23.0	99.0	27.0	24.0	16.0	91.0
19	0.4685	26.0	27.0	21.0	26.0	22.0	21.0	99.0	27.0	24.0	99.0
19	0.4675	23.0	23.0	23.0	24.0	31.0	27.0	24.0	99.0	24.0	99.0
19	0.4691	23.0	24.0	22.0	24.0	23.0	22.0	27.0	30.0	100.0	99.0
19	0.4692	25.0	27.0	25.0	20.0	22.0	32.0	25.0	27.0	26.0	100.0
19	0.4687	98.0	26.0	22.0	25.0	22.0	20.0	27.0	20.0	26.0	100.0
20	0.3651	24.0	98.0	30.0	24.0	26.0	19.0	28.0	23.0	28.0	88.0
20	0.441	21.0	23.0	98.0	19.0	22.0	23.0	23.0	21.0	26.0	99.0
20	0.4762	29.0	23.0	27.0	99.0	22.0	24.0	21.0	23.0	18.0	90.0
20	0.4853	26.0	22.0	24.0	30.0	98.0	31.0	24.0	22.0	30.0	99.0
20	0.4853	27.0	28.0	27.0	32.0	27.0	99.0	24.0	25.0	25.0	93.0
20	0.485	24.0	27.0	27.0	20.0	28.0	21.0	99.0	26.0	25.0	99.0
20	0.4839	26.0	26.0	20.0	27.0	24.0	21.0	25.0	100.0	30.0	99.0
20	0.4856	22.0	20.0	33.0	23.0	32.0	21.0	31.0	31.0	100.0	99.0
20	0.4857	32.0	27.0	20.0	24.0	20.0	23.0	23.0	27.0	23.0	100.0
20	0.4852	97.0	24.0	18.0	24.0	22.0	23.0	23.0	24.0	30.0	100.0
21	0.3788	27.0	98.0	27.0	22.0	25.0	23.0	28.0	25.0	23.0	87.0
21	0.4566	26.0	28.0	98.0	25.0	20.0	27.0	24.0	25.0	23.0	99.0
21	0.4925	29.0	22.0	18.0	99.0	26.0	30.0	24.0	23.0	28.0	88.0
21	0.5018	28.0	21.0	26.0	31.0	99.0	21.0	30.0	22.0	23.0	100.0
21	0.5018	22.0	23.0	22.0	23.0	19.0	99.0	25.0	26.0	25.0	94.0
21	0.5015	21.0	26.0	28.0	21.0	27.0	24.0	99.0	24.0	26.0	99.0
21	0.5003	22.0	23.0	27.0	25.0	27.0	25.0	20.0	100.0	25.0	99.0
21	0.5021	29.0	31.0	25.0	29.0	25.0	26.0	24.0	22.0	100.0	99.0
21	0.5022	22.0	24.0	19.0	24.0	26.0	27.0	20.0	26.0	21.0	100.0
21	0.5017	97.0	29.0	26.0	21.0	26.0	21.0	22.0	28.0	29.0	100.0
22	0.3925	27.0	99.0	24.0	24.0	28.0	23.0	22.0	24.0	22.0	87.0
22	0.4722	24.0	27.0	98.0	25.0	26.0	23.0	31.0	24.0	26.0	99.0
22	0.5088	29.0	22.0	28.0	99.0	27.0	26.0	25.0	22.0	23.0	88.0
22	0.5183	25.0	20.0	20.0	26.0	99.0	27.0	22.0	27.0	28.0	100.0
22	0.5183	22.0	26.0	22.0	25.0	30.0	99.0	21.0	27.0	27.0	92.0
22	0.518	25.0	25.0	27.0	21.0	26.0	23.0	99.0	19.0	21.0	99.0
22	0.5167	25.0	22.0	26.0	22.0	22.0	27.0	28.0	100.0	30.0	99.0
22	0.5186	26.0	28.0	20.0	22.0	22.0	25.0	22.0	20.0	100.0	99.0
22	0.5187	20.0	25.0	31.0	26.0	26.0	33.0	32.0	19.0	22.0	100.0
22	0.5182	98.0	25.0	20.0	19.0	28.0	24.0	31.0	26.0	27.0	100.0
23	0.4062	25.0	99.0	26.0	20.0	25.0	25.0	27.0	24.0	27.0	87.0
23	0.4878	25.0	23.0	98.0	19.0	25.0	31.0	24.0	27.0	26.0	99.0
23	0.5251	20.0	27.0	30.0	99.0	21.0	25.0	30.0	23.0	25.0	89.0
23	0.5348	27.0	23.0	24.0	27.0	98.0	34.0	25.0	24.0	23.0	100.0
23	0.5348	25.0	19.0	27.0	23.0	26.0	99.0	23.0	26.0	28.0	94.0
23	0.5345	26.0	23.0	25.0	28.0	24.0	26.0	99.0	22.0	26.0	99.0
23	0.5331	27.0	24.0	24.0	28.0	19.0	30.0	28.0	100.0	31.0	99.0
23	0.5351	22.0	22.0	27.0	28.0	29.0	28.0	17.0	24.0	100.0	99.0
23	0.5352	22.0	28.0	28.0	23.0	24.0	26.0	24.0	29.0	30.0	100.0
23	0.5347	98.0	29.0	20.0	27.0	23.0	22.0	30.0	19.0	25.0	100.0
24	0.4199	22.0	99.0	23.0	22.0	24.0	23.0	26.0	22.0	24.0	86.0
24	0.5034	18.0	27.0	98.0	24.0	23.0	19.0	23.0	27.0	22.0	100.0
24	0.5414	20.0	28.0	21.0	99.0	26.0	21.0	26.0	32.0	27.0	88.0
24	0.5513	25.0	23.0	24.0	32.0	98.0	32.0	20.0	26.0	25.0	100.0
24	0.5513	27.0	26.0	29.0	29.0	32.0	99.0	32.0	29.0	25.0	93.0
24	0.551	28.0	20.0	20.0	23.0	24.0	28.0	99.0	25.0	24.0	99.0
24	0.5495	27.0	22.0	27.0	28.0	23.0	20.0	26.0	99.0	24.0	99.0
24	0.5516	21.0	25.0	24.0	25.0	28.0	24.0	24.0	20.0	100.0	99.0
24	0.5517	27.0	22.0	16.0	22.0	20.0	24.0	29.0	21.0	25.0	100.0
24	0.5512	98.0	24.0	22.0	21.0	25.0	24.0	29.0	35.0	22.0	100.0
25	0.4336	26.0	99.0	31.0	19.0	23.0	24.0	26.0	27.0	26.0	87.0
25	0.519	21.0	24.0	98.0	23.0	18.0	24.0	26.0	23.0	20.0	99.0
25	0.5577	19.0	29.0	23.0	99.0	21.0	19.0	29.0	24.0	22.0	89.0
25	0.5678	26.0	25.0	20.0	25.0	99.0	27.0	28.0	27.0	28.0	100.0
25	0.5678	30.0	26.0	23.0	22.0	22.0	99.0	27.0	25.0	25.0	93.0
25	0.5675	26.0	25.0	23.0	22.0	26.0	23.0	99.0	23.0	24.0	99.0
25	0.5659	28.0	22.0	19.0	25.0	19.0	30.0	27.0	100.0	25.0	99.0
25	0.5681	25.0	16.0	25.0	24.0	27.0	31.0	20.0	25.0	100.0	99.0
25	0.5682	21.0	27.0	26.0	24.0	30.0	29.0	27.0	23.0	19.0	100.0
25	0.5677	98.0	22.0	29.0	31.0	23.0	26.0	26.0	16.0	22.0	100.0
26	0.4473	28.0	98.0	26.0	23.0	25.0	25.0	29.0	19.0	26.0	88.0
26	0.5346	22.0	22.0	98.0	30.0	25.0	20.0	24.0	30.0	26.0	99.0
26	0.574	29.0	24.0	21.0	99.0	23.0	30.0	26.0	25.0	22.0	89.0
26	0.5843	30.0	24.0	25.0	23.0	99.0	19.0	19.0	21.0	28.0	100.0
26	0.5843	32.0	27.0	29.0	25.0	28.0	99.0	24.0	27.0	26.0	94.0
26	0.584	19.0	30.0	29.0	26.0	26.0	27.0	99.0	27.0	26.0	99.0
26	0.5823	26.0	23.0	27.0	19.0	24.0	29.0	27.0	100.0	24.0	99.0
26	0.5846	28.0	26.0	26.0	26.0	26.0	26.0	27.0	25.0	100.0	99.0
26	0.5847	24.0	29.0	22.0	19.0	24.0	24.0	23.0	25.0	24.0	100.0
26	0.5842	97.0	21.0	28.0	22.0	26.0	28.0	21.0	29.0	21.0	100.0
27	0.461	36.0	99.0	34.0	33.0	35.0	26.0	36.0	29.0	33.0	99.0
27	0.5502	25.0	28.0	100.0	31.0	29.0	36.0	32.0	36.0	31.0	96.0
27	0.5903	29.0	31.0	29.0	98.0	32.0	26.0	30.0	26.0	33.0	100.0
27	0.6008	98.0	32.0	26.0	29.0	95.0	25.0	32.0	28.0	27.0	90.0
27	0.6008	98.0	35.0	27.0	30.0	25.0	94.0	32.0	28.0	29.0	90.0
27	0.6005	30.0	31.0	26.0	22.0	32.0	30.0	97.0	26.0	33.0	90.0
27	0.5987	35.0	30.0	29.0	30.0	33.0	35.0	34.0	99.0	28.0	100.0
27	0.6011	98.0	33.0	32.0	27.0	30.0	33.0	33.0	27.0	94.0	90.0
27	0.6012	98.0	31.0	29.0	35.0	25.0	30.0	28.0	31.0	26.0	90.0
27	0.6007	98.0	26.0	23.0	31.0	27.0	21.0	34.0	29.0	33.0	94.0
28	0.4747	28.0	98.0	35.0	24.0	34.0	29.0	32.0	29.0	30.0	100.0
28	0.5658	33.0	34.0	98.0	33.0	37.0	30.0	34.0	30.0	29.0	98.0
28	0.6066	99.0	26.0	35.0	96.0	30.0	28.0	27.0	36.0	32.0	95.0
28	0.6173	99.0	29.0	29.0	34.0	96.0	23.0	31.0	23.0	37.0	92.0
28	0.6173	99.0	30.0	29.0	30.0	29.0	96.0	22.0	37.0	27.0	92.0
28	0.617	99.0	30.0	30.0	29.0	31.0	30.0	96.0	33.0	30.0	91.0
28	0.6151	99.0	37.0	33.0	30.0	33.0	21.0	33.0	95.0	30.0	92.0
28	0.6176	99.0	35.0	25.0	34.0	27.0	29.0	27.0	20.0	95.0	91.0
28	0.6177	99.0	34.0	32.0	27.0	31.0	25.0	33.0	27.0	33.0	92.0
28	0.6172	99.0	38.0	28.0	35.0	31.0	38.0	29.0	30.0	25.0	95.0
29	0.4884	37.0	98.0	39.0	32.0	33.0	36.0	38.0	28.0	32.0	100.0
29	0.5814	30.0	32.0	98.0	27.0	35.0	27.0	33.0	30.0	30.0	98.0
29	0.6229	99.0	34.0	30.0	96.0	34.0	36.0	34.0	29.0	29.0	95.0
29	0.6338	99.0	29.0	27.0	34.0	96.0	29.0	32.0	33.0	30.0	92.0
29	0.6338	99.0	39.0	34.0	30.0	29.0	96.0	32.0	27.0	34.0	92.0
29	0.6335	99.0	33.0	29.0	29.0	36.0	28.0	96.0	33.0	27.0	92.0
29	0.6315	99.0	33.0	28.0	31.0	28.0	35.0	33.0	95.0	28.0	92.0
29	0.6341	99.0	27.0	36.0	31.0	32.0	32.0	28.0	27.0	95.0	92.0
29	0.6342	99.0	36.0	27.0	29.0	29.0	35.0	29.0	30.0	28.0	92.0
29	0.6337	99.0	35.0	30.0	33.0	32.0	30.0	28.0	32.0	40.0	95.0
30	0.5021	39.0	98.0	29.0	37.0	41.0	38.0	35.0	29.0	31.0	100.0
30	0.597	30.0	35.0	98.0	29.0	31.0	31.0	26.0	38.0	31.0	98.0
30	0.6392	99.0	29.0	28.0	96.0	28.0	30.0	35.0	29.0	32.0	95.0
30	0.6503	99.0	31.0	35.0	27.0	96.0	29.0	28.0	33.0	33.0	92.0
30	0.6503	99.0	29.0	33.0	29.0	31.0	96.0	33.0	29.0	37.0	92.0
30	0.65	99.0	35.0	33.0	31.0	28.0	30.0	96.0	33.0	31.0	92.0
30	0.6479	99.0	31.0	26.0	27.0	33.0	35.0	28.0	95.0	30.0	92.0
30	0.6506	99.0	34.0	31.0	28.0	29.0	31.0	34.0	32.0	95.0	92.0
30	0.6507	99.0	30.0	27.0	33.0	30.0	35.0	28.0	31.0	28.0	92.0
30	0.6502	99.0	30.0	36.0	33.0	30.0	32.0	32.0	26.0	32.0	95.0
31	0.5158	36.0	98.0	41.0	26.0	29.0	21.0	32.0	42.0	25.0	100.0
31	0.6126	99.0	27.0	97.0	32.0	26.0	33.0	33.0	36.0	28.0	92.0
31	0.6555	99.0	33.0	26.0	96.0	24.0	36.0	32.0	25.0	24.0	93.0
31	0.6668	99.0	35.0	35.0	37.0	96.0	32.0	29.0	28.0	23.0	92.0
31	0.6668	99.0	31.0	32.0	32.0	27.0	96.0	32.0	35.0	26.0	92.0
31	0.6665	99.0	37.0	33.0	34.0	33.0	34.0	96.0	26.0	32.0	92.0
31	0.6643	99.0	26.0	34.0	36.0	29.0	33.0	33.0	95.0	31.0	93.0
31	0.6671	99.0	36.0	36.0	28.0	31.0	31.0	34.0	29.0	95.0	93.0
31	0.6672	99.0	28.0	39.0	26.0	30.0	35.0	34.0	31.0	23.0	91.0
31	0.6667	99.0	28.0	34.0	34.0	32.0	26.0	30.0	37.0	28.0	95.0
32	0.5295	26.0	98.0	34.0	36.0	31.0	29.0	33.0	33.0	33.0	100.0
32	0.6282	99.0	29.0	97.0	25.0	34.0	26.0	30.0	28.0	30.0	92.0
32	0.6718	99.0	33.0	38.0	96.0	28.0	30.0	34.0	28.0	32.0	92.0
32	0.6833	99.0	28.0	28.0	27.0	96.0	32.0	34.0	31.0	33.0	92.0
32	0.6833	99.0	33.0	30.0	34.0	32.0	96.0	31.0	30.0	37.0	92.0
32	0.683	99.0	31.0	31.0	30.0	31.0	41.0	96.0	32.0	29.0	92.0
32	0.6807	99.0	27.0	35.0	31.0	33.0	33.0	34.0	95.0	27.0	92.0
32	0.6836	99.0	30.0	34.0	24.0	31.0	36.0	30.0	35.0	95.0	93.0
32	0.6837	99.0	26.0	34.0	38.0	32.0	32.0	31.0	34.0	35.0	92.0
32	0.6832	99.0	33.0	29.0	33.0	26.0	32.0	31.0	33.0	32.0	95.0
33	0.5432	31.0	96.0	33.0	31.0	28.0	29.0	41.0	34.0	28.0	100.0
33	0.6438	31.0	32.0	97.0	33.0	21.0	27.0	20.0	28.0	28.0	92.0
33	0.6881	99.0	31.0	31.0	96.0	31.0	28.0	25.0	29.0	34.0	95.0
33	0.6998	99.0	29.0	32.0	32.0	96.0	30.0	29.0	32.0	23.0	92.0
33	0.6998	99.0	28.0	28.0	34.0	30.0	96.0	25.0	28.0	29.0	91.0
33	0.6995	99.0	32.0	27.0	25.0	34.0	26.0	96.0	32.0	31.0	91.0
33	0.6971	99.0	31.0	32.0	27.0	35.0	31.0	32.0	95.0	35.0	91.0
33	0.7001	99.0	22.0	24.0	35.0	32.0	36.0	25.0	23.0	95.0	92.0
33	0.7002	99.0	27.0	29.0	28.0	33.0	29.0	26.0	32.0	20.0	91.0
33	0.6997	99.0	36.0	29.0	28.0	26.0	31.0	29.0	38.0	29.0	95.0
34	0.5569	32.0	96.0	26.0	41.0	24.0	26.0	38.0	35.0	36.0	100.0
34	0.6594	43.0	38.0	97.0	31.0	34.0	26.0	30.0	31.0	27.0	93.0
34	0.7044	99.0	27.0	35.0	96.0	24.0	29.0	31.0	29.0	30.0	95.0
34	0.7163	99.0	30.0	30.0	41.0	96.0	26.0	27.0	33.0	27.0	92.0
34	0.7163	99.0	26.0	30.0	32.0	41.0	96.0	31.0	27.0	32.0	92.0
34	0.716	99.0	36.0	30.0	29.0	37.0	30.0	96.0	24.0	33.0	91.0
34	0.7135	99.0	35.0	34.0	32.0	34.0	35.0	33.0	95.0	32.0	92.0
34	0.7166	99.0	34.0	38.0	33.0	33.0	27.0	36.0	23.0	95.0	92.0
34	0.7167	99.0	32.0	34.0	36.0	30.0	28.0	23.0	31.0	32.0	92.0
34	0.7162	99.0	30.0	33.0	28.0	34.0	26.0	31.0	31.0	28.0	95.0
35	0.5706	35.0	98.0	28.0	37.0	39.0	29.0	25.0	37.0	28.0	100.0
35	0.675	99.0	30.0	97.0	34.0	28.0	27.0	29.0	29.0	28.0	92.0
35	0.7207	99.0	27.0	27.0	96.0	25.0	30.0	30.0	31.0	32.0	92.0
35	0.7328	99.0	36.0	32.0	35.0	96.0	28.0	32.0	30.0	35.0	92.0
35	0.7328	99.0	31.0	35.0	32.0	27.0	96.0	31.0	32.0	34.0	92.0
35	0.7325	99.0	31.0	34.0	39.0	34.0	33.0	96.0	38.0	31.0	92.0
35	0.7299	99.0	33.0	32.0	37.0	29.0	30.0	29.0	95.0	30.0	92.0
35	0.7331	99.0	32.0	30.0	29.0	32.0	22.0	27.0	33.0	95.0	92.0
35	0.7332	99.0	30.0	33.0	27.0	27.0	34.0	33.0	28.0	31.0	92.0
35	0.7327	99.0	31.0	22.0	26.0	32.0	32.0	40.0	32.0	37.0	95.0
36	0.5843	35.0	98.0	26.0	34.0	29.0	26.0	31.0	27.0	28.0	100.0
36	0.6906	99.0	30.0	97.0	34.0	36.0	34.0	29.0	27.0	31.0	92.0
36	0.737	99.0	30.0	32.0	96.0	29.0	27.0	24.0	30.0	30.0	92.0
36	0.7493	99.0	32.0	30.0	32.0	96.0	26.0	35.0	34.0	34.0	92.0
36	0.7493	99.0	24.0	28.0	27.0	32.0	96.0	33.0	29.0	30.0	92.0
36	0.749	99.0	30.0	28.0	31.0	30.0	26.0	96.0	28.0	34.0	91.0
36	0.7463	99.0	33.0	33.0	31.0	30.0	22.0	31.0	95.0	38.0	92.0
36	0.7496	99.0	29.0	38.0	31.0	31.0	28.0	28.0	27.0	95.0	92.0
36	0.7497	99.0	35.0	29.0	30.0	31.0	31.0	31.0	27.0	35.0	92.0
36	0.7492	99.0	35.0	32.0	27.0	35.0	33.0	34.0	32.0	35.0	95.0
37	0.598	38.0	98.0	26.0	35.0	28.0	32.0	27.0	30.0	35.0	100.0
37	0.7062	99.0	32.0	97.0	34.0	31.0	34.0	30.0	27.0	31.0	92.0
37	0.7533	99.0	32.0	31.0	96.0	25.0	33.0	32.0	30.0	29.0	92.0
37	0.7658	99.0	36.0	31.0	32.0	96.0	36.0	31.0	33.0	31.0	92.0
37	0.7658	99.0	33.0	27.0	35.0	30.0	96.0	27.0	35.0	29.0	92.0
37	0.7655	99.0	27.0	31.0	31.0	24.0	31.0	96.0	24.0	31.0	93.0
37	0.7627	99.0	34.0	24.0	29.0	29.0	31.0	40.0	95.0	27.0	92.0
37	0.7661	99.0	27.0	27.0	32.0	32.0	32.0	30.0	35.0	95.0	93.0
37	0.7662	99.0	33.0	38.0	28.0	37.0	37.0	36.0	38.0	29.0	92.0
37	0.7657	99.0	27.0	36.0	33.0	29.0	32.0	30.0	32.0	26.0	95.0
38	0.6117	100.0	110.0	100.0	100.0	100.0	100.0	100.0	100.0	100.0	153.0
38	0.7218	101.0	101.0	117.0	101.0	101.0	101.0	101.0	101.0	101.0	161.0
38	0.7696	101.0	101.0	101.0	125.0	101.0	101.0	101.0	101.0	101.0	164.0
38	0.7823	102.0	101.0	101.0	102.0	132.0	102.0	102.0	102.0	102.0	164.0
38	0.7823	101.0	101.0	101.0	101.0	102.0	138.0	102.0	101.0	102.0	164.0
38	0.782	101.0	101.0	101.0	102.0	101.0	102.0	144.0	102.0	101.0	163.0
38	0.7791	101.0	101.0	102.0	101.0	101.0	102.0	101.0	150.0	102.0	162.0
38	0.7826	101.0	101.0	101.0	101.0	101.0	101.0	101.0	102.0	157.0	162.0
38	0.7827	101.0	101.0	101.0	102.0	102.0	101.0	102.0	102.0	102.0	162.0
38	0.7822	105.0	105.0	105.0	105.0	105.0	105.0	105.0	105.0	106.0	150.0
39	0.6254	100.0	110.0	100.0	100.0	100.0	100.0	101.0	100.0	100.0	153.0
39	0.7374	101.0	101.0	118.0	101.0	101.0	101.0	101.0	102.0	101.0	161.0
39	0.7859	101.0	101.0	101.0	125.0	102.0	102.0	102.0	102.0	102.0	164.0
39	0.7988	101.0	102.0	102.0	101.0	132.0	102.0	102.0	102.0	102.0	165.0
39	0.7988	101.0	101.0	101.0	102.0	102.0	138.0	102.0	101.0	102.0	164.0
39	0.7985	101.0	101.0	101.0	101.0	101.0	101.0	144.0	101.0	101.0	163.0
39	0.7955	101.0	101.0	101.0	101.0	101.0	101.0	101.0	150.0	101.0	163.0
39	0.7991	101.0	101.0	101.0	101.0	101.0	101.0	101.0	101.0	156.0	162.0
39	0.7992	101.0	101.0	101.0	101.0	101.0	101.0	101.0	101.0	101.0	162.0
39	0.7987	105.0	105.0	105.0	105.0	105.0	105.0	105.0	105.0	105.0	149.0
40	0.6391	100.0	110.0	100.0	100.0	100.0	100.0	100.0	100.0	100.0	153.0
40	0.753	101.0	101.0	117.0	101.0	101.0	101.0	101.0	101.0	101.0	161.0
40	0.8022	101.0	101.0	101.0	124.0	101.0	101.0	101.0	101.0	101.0	164.0
40	0.8153	101.0	101.0	101.0	101.0	131.0	101.0	101.0	101.0	101.0	165.0
40	0.8153	101.0	101.0	101.0	101.0	101.0	138.0	101.0	101.0	101.0	164.0
40	0.815	101.0	101.0	101.0	101.0	101.0	101.0	144.0	101.0	102.0	163.0
40	0.8119	101.0	101.0	101.0	101.0	101.0	101.0	101.0	149.0	101.0	162.0
40	0.8156	100.0	101.0	101.0	100.0	101.0	101.0	101.0	101.0	156.0	162.0
40	0.8157	101.0	101.0	101.0	101.0	101.0	101.0	101.0	101.0	101.0	161.0
40	0.8152	105.0	105.0	105.0	105.0	105.0	105.0	105.0	105.0	106.0	150.0
41	0.6528	100.0	109.0	100.0	100.0	100.0	100.0	100.0	100.0	100.0	152.0
41	0.7686	101.0	101.0	117.0	101.0	101.0	101.0	101.0	101.0	101.0	160.0
41	0.8185	101.0	101.0	101.0	124.0	101.0	101.0	101.0	101.0	102.0	163.0
41	0.8318	101.0	101.0	101.0	101.0	131.0	101.0	101.0	101.0	101.0	164.0
41	0.8318	101.0	101.0	101.0	101.0	101.0	137.0	101.0	101.0	101.0	163.0
41	0.8315	101.0	101.0	101.0	101.0	101.0	101.0	143.0	102.0	101.0	162.0
41	0.8283	101.0	101.0	101.0	101.0	101.0	101.0	101.0	149.0	101.0	162.0
41	0.8321	101.0	101.0	101.0	101.0	101.0	101.0	101.0	101.0	155.0	161.0
41	0.8322	100.0	100.0	100.0	100.0	101.0	100.0	100.0	101.0	101.0	161.0
41	0.8317	105.0	105.0	105.0	105.0	105.0	105.0	105.0	105.0	105.0	150.0
42	0.6665	100.0	109.0	100.0	100.0	100.0	100.0	100.0	100.0	100.0	153.0
42	0.7842	100.0	100.0	117.0	100.0	100.0	101.0	101.0	101.0	100.0	161.0
42	0.8348	101.0	101.0	101.0	125.0	101.0	101.0	102.0	101.0	101.0	164.0
42	0.8483	101.0	101.0	101.0	101.0	131.0	102.0	101.0	102.0	101.0	164.0
42	0.8483	101.0	101.0	101.0	101.0	101.0	137.0	101.0	101.0	101.0	164.0
42	0.848	101.0	101.0	101.0	101.0	101.0	101.0	143.0	101.0	101.0	163.0
42	0.8447	100.0	100.0	100.0	100.0	100.0	100.0	100.0	149.0	100.0	162.0
42	0.8486	101.0	101.0	101.0	101.0	101.0	101.0	101.0	101.0	156.0	162.0
42	0.8487	100.0	100.0	100.0	100.0	100.0	101.0	101.0	100.0	101.0	161.0
42	0.8482	105.0	105.0	105.0	105.0	105.0	105.0	105.0	105.0	106.0	148.0
43	0.6802	100.0	110.0	100.0	100.0	100.0	100.0	100.0	100.0	100.0	153.0
43	0.7998	101.0	101.0	117.0	101.0	101.0	101.0	101.0	101.0	101.0	161.0
43	0.8511	101.0	101.0	101.0	124.0	101.0	101.0	101.0	101.0	102.0	164.0
43	0.8648	101.0	101.0	101.0	101.0	131.0	101.0	101.0	101.0	102.0	164.0
43	0.8648	101.0	101.0	101.0	101.0	101.0	138.0	102.0	102.0	102.0	163.0
43	0.8645	102.0	102.0	102.0	102.0	102.0	102.0	144.0	102.0	102.0	163.0
43	0.8611	101.0	101.0	101.0	101.0	101.0	101.0	102.0	150.0	102.0	162.0
43	0.8651	101.0	101.0	101.0	101.0	101.0	102.0	102.0	102.0	155.0	162.0
43	0.8652	101.0	100.0	101.0	101.0	101.0	101.0	101.0	101.0	101.0	161.0
43	0.8647	105.0	105.0	105.0	105.0	105.0	105.0	105.0	105.0	107.0	150.0
44	0.6939	100.0	110.0	100.0	100.0	100.0	100.0	100.0	100.0	100.0	153.0
44	0.8154	101.0	101.0	118.0	101.0	101.0	101.0	102.0	103.0	102.0	161.0
44	0.8674	102.0	102.0	102.0	125.0	102.0	102.0	103.0	102.0	102.0	164.0
44	0.8813	102.0	102.0	102.0	102.0	132.0	102.0	103.0	102.0	103.0	164.0
44	0.8813	102.0	102.0	102.0	102.0	102.0	138.0	102.0	102.0	102.0	163.0
44	0.881	101.0	101.0	101.0	101.0	102.0	102.0	144.0	102.0	102.0	163.0
44	0.8775	102.0	102.0	102.0	102.0	102.0	102.0	102.0	150.0	102.0	162.0
44	0.8816	102.0	102.0	102.0	102.0	102.0	102.0	102.0	102.0	156.0	162.0
44	0.8817	101.0	101.0	101.0	101.0	101.0	101.0	101.0	101.0	102.0	161.0
44	0.8812	105.0	105.0	105.0	105.0	105.0	105.0	105.0	105.0	106.0	151.0
45	0.7076	100.0	110.0	100.0	100.0	100.0	100.0	100.0	101.0	100.0	154.0
45	0.831	101.0	101.0	118.0	101.0	101.0	101.0	101.0	101.0	102.0	162.0
45	0.8837	102.0	102.0	102.0	125.0	102.0	102.0	102.0	102.0	102.0	165.0
45	0.8978	101.0	102.0	102.0	102.0	132.0	101.0	102.0	102.0	102.0	165.0
45	0.8978	101.0	101.0	101.0	101.0	101.0	138.0	102.0	102.0	101.0	164.0
45	0.8975	101.0	101.0	101.0	101.0	101.0	101.0	144.0	101.0	101.0	164.0
45	0.8939	101.0	101.0	101.0	101.0	102.0	101.0	101.0	150.0	101.0	163.0
45	0.8981	101.0	101.0	101.0	101.0	101.0	101.0	101.0	101.0	157.0	163.0
45	0.8982	101.0	101.0	101.0	101.0	101.0	102.0	102.0	101.0	102.0	162.0
45	0.8977	105.0	105.0	105.0	105.0	105.0	105.0	106.0	105.0	106.0	150.0
46	0.7213	100.0	110.0	100.0	100.0	100.0	100.0	100.0	101.0	100.0	154.0
46	0.8466	101.0	101.0	118.0	101.0	101.0	101.0	101.0	101.0	101.0	161.0
46	0.9	101.0	101.0	101.0	125.0	101.0	101.0	101.0	102.0	101.0	165.0
46	0.9143	101.0	101.0	101.0	101.0	131.0	102.0	101.0	101.0	102.0	165.0
46	0.9143	100.0	100.0	100.0	100.0	100.0	138.0	100.0	101.0	101.0	164.0
46	0.914	100.0	101.0	101.0	101.0	101.0	101.0	144.0	102.0	101.0	164.0
46	0.9103	101.0	101.0	101.0	101.0	101.0	101.0	101.0	150.0	101.0	163.0
46	0.9146	101.0	101.0	101.0	101.0	101.0	101.0	101.0	101.0	157.0	163.0
46	0.9147	101.0	101.0	101.0	101.0	101.0	101.0	101.0	101.0	101.0	162.0
46	0.9142	105.0	105.0	105.0	105.0	105.0	105.0	105.0	106.0	105.0	151.0
47	0.735	100.0	109.0	100.0	100.0	100.0	100.0	100.0	100.0	100.0	153.0
47	0.8622	101.0	101.0	118.0	101.0	101.0	101.0	101.0	101.0	101.0	161.0
47	0.9163	102.0	101.0	102.0	125.0	102.0	102.0	102.0	102.0	102.0	164.0
47	0.92	101.0	101.0	101.0	101.0	131.0	102.0	101.0	102.0	101.0	164.0
47	0.92	101.0	101.0	101.0	101.0	101.0	137.0	101.0	101.0	101.0	163.0
47	0.92	101.0	101.0	101.0	101.0	101.0	101.0	143.0	101.0	101.0	162.0
47	0.92	101.0	101.0	101.0	101.0	101.0	101.0	101.0	149.0	101.0	162.0
47	0.92	100.0	100.0	100.0	100.0	101.0	100.0	100.0	101.0	155.0	161.0
47	0.92	101.0	101.0	101.0	101.0	101.0	101.0	101.0	101.0	101.0	161.0
47	0.92	105.0	105.0	105.0	105.0	105.0	105.0	105.0	105.0	105.0	149.0
48	0.7487	100.0	110.0	100.0	100.0	101.0	100.0	100.0	100.0	100.0	153.0
48	0.8778	101.0	101.0	117.0	101.0	101.0	101.0	101.0	101.0	102.0	161.0
48	0.92	101.0	101.0	101.0	124.0	101.0	102.0	101.0	102.0	102.0	163.0
48	0.92	101.0	101.0	101.0	101.0	130.0	101.0	101.0	101.0	101.0	162.0
48	0.92	101.0	101.0	101.0	101.0	101.0	137.0	101.0	101.0	101.0	162.0
48	0.92	101.0	101.0	101.0	101.0	101.0	101.0	142.0	101.0	102.0	161.0
48	0.92	101.0	101.0	101.0	101.0	102.0	101.0	101.0	149.0	101.0	161.0
48	0.92	101.0	101.0	101.0	101.0	101.0	101.0	101.0	101.0	154.0	160.0
48	0.92	101.0	101.0	101.0	101.0	101.0	101.0	101.0	101.0	102.0	160.0
48	0.92	105.0	105.0	105.0	105.0	105.0	105.0	105.0	106.0	105.0	146.0
49	0.7624	100.0	110.0	100.0	100.0	100.0	100.0	100.0	100.0	101.0	154.0
49	0.8934	101.0	101.0	117.0	102.0	101.0	101.0	101.0	101.0	102.0	161.0
49	0.92	101.0	101.0	101.0	124.0	101.0	101.0	101.0	101.0	101.0	163.0
49	0.92	101.0	101.0	101.0	101.0	130.0	101.0	101.0	101.0	102.0	162.0
49	0.92	101.0	101.0	101.0	101.0	101.0	137.0	101.0	101.0	102.0	161.0
49	0.92	101.0	101.0	101.0	101.0	102.0	102.0	142.0	101.0	102.0	161.0
49	0.92	101.0	101.0	101.0	101.0	101.0	101.0	102.0	148.0	101.0	160.0
49	0.92	101.0	101.0	101.0	101.0	101.0	101.0	101.0	101.0	154.0	160.0
49	0.92	101.0	101.0	101.0	101.0	101.0	101.0	101.0	101.0	101.0	159.0
49	0.92	105.0	105.0	105.0	105.0	105.0	105.0	105.0	105.0	105.0	149.0
50	0.7761	100.0	109.0	100.0	100.0	100.0	100.0	101.0	100.0	100.0	152.0
50	0.909	101.0	101.0	117.0	101.0	101.0	101.0	101.0	101.0	101.0	160.0
50	0.92	101.0	101.0	101.0	122.0	101.0	101.0	101.0	101.0	101.0	160.0
50	0.92	100.0	100.0	100.0	100.0	128.0	100.0	100.0	100.0	101.0	159.0
50	0.92	100.0	100.0	100.0	100.0	100.0	134.0	100.0	101.0	100.0	159.0
50	0.92	100.0	100.0	100.0	100.0	100.0	100.0	140.0	100.0	101.0	158.0
50	0.92	100.0	100.0	100.0	100.0	100.0	100.0	100.0	145.0	101.0	157.0
50	0.92	100.0	100.0	100.0	101.0	101.0	101.0	101.0	101.0	151.0	157.0
50	0.92	100.0	100.0	100.0	100.0	100.0	100.0	100.0	101.0	100.0	156.0
50	0.92	105.0	105.0	105.0	105.0	105.0	105.0	105.0	105.0	105.0	143.0
51	0.7898	100.0	110.0	100.0	100.0	100.0	100.0	100.0	101.0	100.0	154.0
51	0.92	101.0	101.0	116.0	101.0	101.0	102.0	102.0	101.0	102.0	161.0
51	0.92	100.0	100.0	100.0	123.0	100.0	100.0	100.0	100.0	100.0	161.0
51	0.92	101.0	101.0	101.0	101.0	129.0	101.0	101.0	101.0	101.0	160.0
51	0.92	101.0	101.0	101.0	101.0	101.0	135.0	101.0	101.0	101.0	160.0
51	0.92	100.0	101.0	100.0	101.0	101.0	101.0	140.0	101.0	101.0	159.0
51	0.92	100.0	100.0	100.0	100.0	101.0	101.0	100.0	146.0	100.0	159.0
51	0.92	100.0	100.0	100.0	100.0	101.0	101.0	100.0	100.0	152.0	158.0
51	0.92	100.0	100.0	100.0	100.0	100.0	100.0	100.0	100.0	101.0	157.0
51	0.92	105.0	105.0	105.0	105.0	105.0	105.0	105.0	105.0	105.0	146.0
